image_width: 1280
image_height: 720
camera_name: camera
camera_matrix:
  rows: 3
  cols: 3
  data:
    [
      641.545654296875,
      0.0,
      649.7880859375,
      0.0,
      640.7484130859375,
      361.162109375,
      0.0,
      0.0,
      1.0,
    ]
distortion_model: plumb_bob
distortion_coefficients:
  rows: 1
  cols: 5
  data:
    [
      -0.05334882065653801,
      0.0614534355700016,
      -0.00011278136662440374,
      0.0007632407359778881,
      -0.019851848483085632,
    ]
rectification_matrix:
  rows: 3
  cols: 3
  data:
    [
      1.000000,
      0.000000,
      0.000000,
      0.000000,
      1.000000,
      0.000000,
      0.000000,
      0.000000,
      1.000000,
    ]
projection_matrix:
  rows: 3
  cols: 4
  data:
    [
      641.545654296875,
      0.0,
      649.7880859375,
      0.0,
      0.0,
      640.7484130859375,
      361.162109375,
      0.0,
      0.0,
      0.0,
      1.0,
      0.0,
    ]
binning_x: 0
binning_y: 0
roi:
  x_offset: 0
  y_offset: 0
  height: 0
  width: 0
  do_rectify: false
